Neighborbood Sizes: 
31.000000 31.000000 31.000000 31.000000 31.000000 31.000000 31.000000 31.000000 31.000000 31.000000 31.000000 31.000000 31.000000 31.000000 31.000000 31.000000 31.000000 31.000000 31.000000 37.200001 37.200001 37.200001 37.200001 37.200001 37.200001 37.200001 37.200001 37.200001 37.200001 37.200001 37.200001 37.200001 37.200001 37.200001 44.640003 44.640003 44.640003 44.640003 44.640003 44.640003 44.640003 44.640003 44.640003 44.640003 44.640003 44.640003 53.568005 53.568005 53.568005 53.568005 53.568005 53.568005 53.568005 53.568005 53.568005 53.568005 53.568005 53.568005 53.568005 64.281609 64.281609 64.281609 64.281609 64.281609 64.281609 64.281609 64.281609 77.137939 77.137939 77.137939 77.137939 77.137939 77.137939 77.137939 77.137939 92.565529 92.565529 92.565529 92.565529 92.565529 92.565529 92.565529 92.565529 111.078636 111.078636 111.078636 111.078636 111.078636 111.078636 111.078636 111.078636 111.078636 
Neighborbood Sizes: 
31.000000 31.000000 31.000000 31.000000 31.000000 31.000000 31.000000 31.000000 31.000000 31.000000 31.000000 31.000000 31.000000 31.000000 31.000000 31.000000 31.000000 31.000000 31.000000 37.200001 37.200001 37.200001 37.200001 37.200001 37.200001 37.200001 37.200001 37.200001 37.200001 37.200001 37.200001 37.200001 37.200001 37.200001 44.640003 44.640003 44.640003 44.640003 44.640003 44.640003 44.640003 44.640003 44.640003 44.640003 44.640003 44.640003 53.568005 53.568005 53.568005 53.568005 53.568005 53.568005 53.568005 53.568005 53.568005 53.568005 53.568005 53.568005 53.568005 64.281609 64.281609 64.281609 64.281609 64.281609 64.281609 64.281609 64.281609 77.137939 77.137939 77.137939 77.137939 77.137939 77.137939 77.137939 77.137939 92.565529 92.565529 92.565529 92.565529 92.565529 92.565529 92.565529 92.565529 111.078636 111.078636 111.078636 111.078636 111.078636 111.078636 111.078636 111.078636 111.078636 
Neighborbood Sizes: 
31.000000 31.000000 31.000000 31.000000 31.000000 31.000000 31.000000 31.000000 31.000000 31.000000 31.000000 31.000000 31.000000 31.000000 31.000000 31.000000 31.000000 31.000000 31.000000 31.000000 37.200001 37.200001 37.200001 37.200001 37.200001 37.200001 37.200001 37.200001 37.200001 37.200001 37.200001 37.200001 37.200001 37.200001 37.200001 37.200001 37.200001 37.200001 44.640003 44.640003 44.640003 44.640003 44.640003 44.640003 44.640003 44.640003 44.640003 44.640003 44.640003 44.640003 44.640003 44.640003 44.640003 53.568005 53.568005 53.568005 53.568005 53.568005 53.568005 53.568005 53.568005 53.568005 53.568005 53.568005 53.568005 64.281609 64.281609 64.281609 64.281609 64.281609 64.281609 64.281609 64.281609 64.281609 77.137939 77.137939 77.137939 77.137939 77.137939 77.137939 77.137939 77.137939 77.137939 92.565529 92.565529 92.565529 92.565529 92.565529 92.565529 92.565529 92.565529 111.078636 111.078636 111.078636 111.078636 111.078636 111.078636 111.078636 111.078636 111.078636 111.078636 111.078636 
Neighborbood Sizes: 
31.000000 31.000000 31.000000 31.000000 31.000000 31.000000 31.000000 31.000000 31.000000 31.000000 31.000000 31.000000 31.000000 31.000000 31.000000 31.000000 31.000000 31.000000 31.000000 37.200001 37.200001 37.200001 37.200001 37.200001 37.200001 37.200001 37.200001 37.200001 37.200001 37.200001 37.200001 37.200001 37.200001 37.200001 44.640003 44.640003 44.640003 44.640003 44.640003 44.640003 44.640003 44.640003 44.640003 44.640003 44.640003 44.640003 53.568005 53.568005 53.568005 53.568005 53.568005 53.568005 53.568005 53.568005 53.568005 53.568005 53.568005 53.568005 53.568005 64.281609 64.281609 64.281609 64.281609 64.281609 64.281609 64.281609 64.281609 77.137939 77.137939 77.137939 77.137939 77.137939 77.137939 77.137939 77.137939 92.565529 92.565529 92.565529 92.565529 92.565529 92.565529 92.565529 92.565529 111.078636 111.078636 111.078636 111.078636 111.078636 111.078636 111.078636 111.078636 111.078636 
Neighborbood Sizes: 
31.000000 31.000000 31.000000 31.000000 31.000000 31.000000 31.000000 31.000000 31.000000 31.000000 31.000000 31.000000 31.000000 31.000000 31.000000 31.000000 31.000000 31.000000 31.000000 31.000000 37.200001 37.200001 37.200001 37.200001 37.200001 37.200001 37.200001 37.200001 37.200001 37.200001 37.200001 37.200001 37.200001 37.200001 37.200001 37.200001 37.200001 37.200001 44.640003 44.640003 44.640003 44.640003 44.640003 44.640003 44.640003 44.640003 44.640003 44.640003 44.640003 44.640003 44.640003 44.640003 44.640003 53.568005 53.568005 53.568005 53.568005 53.568005 53.568005 53.568005 53.568005 53.568005 53.568005 53.568005 53.568005 64.281609 64.281609 64.281609 64.281609 64.281609 64.281609 64.281609 64.281609 64.281609 77.137939 77.137939 77.137939 77.137939 77.137939 77.137939 77.137939 77.137939 77.137939 92.565529 92.565529 92.565529 92.565529 92.565529 92.565529 92.565529 92.565529 111.078636 111.078636 111.078636 111.078636 111.078636 111.078636 111.078636 111.078636 111.078636 111.078636 111.078636 
Neighborbood Sizes: 
31.000000 31.000000 31.000000 31.000000 31.000000 31.000000 31.000000 31.000000 31.000000 31.000000 31.000000 31.000000 31.000000 31.000000 31.000000 31.000000 31.000000 31.000000 31.000000 31.000000 31.000000 31.000000 31.000000 31.000000 37.200001 37.200001 37.200001 37.200001 37.200001 37.200001 37.200001 37.200001 37.200001 37.200001 37.200001 37.200001 37.200001 37.200001 37.200001 37.200001 37.200001 37.200001 44.640003 44.640003 44.640003 44.640003 44.640003 44.640003 44.640003 44.640003 44.640003 44.640003 44.640003 44.640003 44.640003 44.640003 53.568005 53.568005 53.568005 53.568005 53.568005 53.568005 53.568005 53.568005 53.568005 53.568005 53.568005 64.281609 64.281609 64.281609 64.281609 64.281609 64.281609 64.281609 64.281609 64.281609 64.281609 64.281609 77.137939 77.137939 77.137939 77.137939 77.137939 77.137939 77.137939 77.137939 92.565529 92.565529 92.565529 92.565529 92.565529 92.565529 92.565529 92.565529 92.565529 92.565529 111.078636 111.078636 111.078636 111.078636 111.078636 111.078636 111.078636 111.078636 111.078636 111.078636 
